id: Vogx
name: 'Izhmash Wooden Stock'
class: Stocks
weight: 0.4
recoil: -1.9999981
sway: -14.999998
drawSpeed: 2.9999971
recoilBuildup: -14.999998
stabilization: 14.999998
