id: kxB1
name: 'M4 Paddle Stock'
class: Stocks
weight: 0.35
recoil: -2.9999971
sway: -14.999998
drawSpeed: 4.999995
recoilBuildup: -19.999998
stabilization: 20.000004
