id: JAaG
name: 'RPD Plastic Stock'
class: Stocks
weight: 0.31
recoil: -2.9999971
sway: -10.000002
recoilBuildup: -14.999998
stabilization: 39.999996
