id: RokO
name: 'ZM High Standard AK Stock'
class: Stocks
weight: 0.47
recoil: -2.9999971
sway: -14.999998
drawSpeed: 4.999995
recoilBuildup: -19.999998
stabilization: 14.999998
